1 3
1 6
1 8
1 9
1 15
1 18
1 20
1 30
1 35
1 38
1 49
1 53
1 57
1 58
1 99
2 10
2 16
2 21
2 27
2 36
2 39
2 41
2 42
2 45
2 50
2 54
2 55
2 59
2 60
2 100
2 101
2 102
2 103
3 6
3 8
3 9
3 15
3 18
3 20
3 30
3 35
3 38
3 49
3 53
3 57
3 58
3 99
4 11
4 17
4 19
4 22
4 25
4 28
4 31
4 51
4 56
4 61
4 62
4 63
4 64
4 65
4 66
4 104
4 105
4 106
4 107
4 108
4 109
5 12
5 23
5 26
5 29
5 32
5 40
5 43
5 52
5 67
5 68
5 69
5 110
5 111
5 112
6 8
6 9
6 15
6 18
6 20
6 30
6 35
6 38
6 49
6 53
6 57
6 58
6 99
7 8
7 24
7 79
7 83
7 84
7 85
7 87
7 88
7 91
7 92
7 121
7 124
8 9
8 15
8 18
8 20
8 30
8 35
8 38
8 49
8 53
8 57
8 58
8 99
9 15
9 18
9 20
9 30
9 35
9 38
9 49
9 53
9 57
9 58
9 99
10 16
10 21
10 27
10 36
10 39
10 41
10 42
10 45
10 50
10 54
10 55
10 59
10 60
10 100
10 101
10 102
10 103
11 17
11 19
11 22
11 25
11 28
11 31
11 51
11 56
11 61
11 62
11 63
11 64
11 65
11 66
11 104
11 105
11 106
11 107
11 108
11 109
12 23
12 26
12 29
12 32
12 40
12 43
12 52
12 67
12 68
12 69
12 110
12 111
12 112
13 33
13 46
13 70
13 71
13 72
13 73
13 74
13 75
13 76
13 113
13 114
13 115
13 118
13 119
14 34
14 47
14 77
14 78
14 80
14 81
14 82
14 86
14 116
14 117
14 120
14 122
14 123
14 125
15 18
15 20
15 30
15 35
15 38
15 49
15 53
15 57
15 58
15 99
16 21
16 27
16 36
16 39
16 41
16 42
16 45
16 50
16 54
16 55
16 59
16 60
16 100
16 101
16 102
16 103
17 19
17 22
17 25
17 28
17 31
17 51
17 56
17 61
17 62
17 63
17 64
17 65
17 66
17 104
17 105
17 106
17 107
17 108
17 109
18 20
18 30
18 35
18 38
18 49
18 53
18 57
18 58
18 99
19 22
19 25
19 28
19 31
19 51
19 56
19 61
19 62
19 63
19 64
19 65
19 66
19 104
19 105
19 106
19 107
19 108
19 109
20 30
20 35
20 38
20 49
20 53
20 57
20 58
20 99
21 27
21 31
21 36
21 39
21 41
21 42
21 45
21 50
21 54
21 55
21 59
21 60
21 100
21 101
21 102
21 103
22 25
22 28
22 31
22 32
22 51
22 56
22 61
22 62
22 63
22 64
22 65
22 66
22 104
22 105
22 106
22 107
22 108
22 109
23 26
23 29
23 32
23 33
23 40
23 43
23 52
23 67
23 68
23 69
23 110
23 111
23 112
24 34
24 79
24 83
24 84
24 85
24 87
24 88
24 91
24 92
24 121
24 124
25 28
25 31
25 51
25 56
25 61
25 62
25 63
25 64
25 65
25 66
25 104
25 105
25 106
25 107
25 108
25 109
26 29
26 32
26 40
26 43
26 52
26 67
26 68
26 69
26 110
26 111
26 112
27 36
27 39
27 41
27 42
27 45
27 50
27 54
27 55
27 59
27 60
27 100
27 101
27 102
27 103
28 31
28 51
28 56
28 61
28 62
28 63
28 64
28 65
28 66
28 104
28 105
28 106
28 107
28 108
28 109
29 32
29 40
29 43
29 52
29 67
29 68
29 69
29 110
29 111
29 112
30 35
30 38
30 49
30 53
30 57
30 58
30 99
31 51
31 56
31 61
31 62
31 63
31 64
31 65
31 66
31 104
31 105
31 106
31 107
31 108
31 109
32 40
32 43
32 52
32 67
32 68
32 69
32 110
32 111
32 112
33 46
33 70
33 71
33 72
33 73
33 74
33 75
33 76
33 113
33 114
33 115
33 118
33 119
34 47
34 77
34 78
34 80
34 81
34 82
34 86
34 116
34 117
34 120
34 122
34 123
34 125
35 38
35 49
35 53
35 57
35 58
35 99
36 39
36 41
36 42
36 45
36 50
36 54
36 55
36 59
36 60
36 100
36 101
36 102
36 103
37 44
37 48
37 89
37 90
37 93
37 94
37 95
37 96
37 97
37 98
38 49
38 53
38 57
38 58
38 99
39 41
39 42
39 45
39 50
39 54
39 55
39 59
39 60
39 100
39 101
39 102
39 103
40 43
40 52
40 67
40 68
40 69
40 110
40 111
40 112
41 42
41 45
41 50
41 54
41 55
41 59
41 60
41 100
41 101
41 102
41 103
42 45
42 50
42 54
42 55
42 59
42 60
42 100
42 101
42 102
42 103
43 52
43 67
43 68
43 69
43 110
43 111
43 112
44 48
44 89
44 90
44 93
44 94
44 95
44 96
44 97
44 98
45 50
45 54
45 55
45 59
45 60
45 100
45 101
45 102
45 103
46 70
46 71
46 72
46 73
46 74
46 75
46 76
46 113
46 114
46 115
46 118
46 119
47 77
47 78
47 80
47 81
47 82
47 86
47 116
47 117
47 120
47 122
47 123
47 125
48 89
48 90
48 93
48 94
48 95
48 96
48 97
48 98
49 53
49 57
49 58
49 99
50 54
50 55
50 59
50 60
50 100
50 101
50 102
50 103
51 56
51 61
51 62
51 63
51 64
51 65
51 66
51 104
51 105
51 106
51 107
51 108
51 109
52 67
52 68
52 69
52 110
52 111
52 112
53 57
53 58
53 99
54 55
54 59
54 60
54 100
54 101
54 102
54 103
55 59
55 60
55 100
55 101
55 102
55 103
56 61
56 62
56 63
56 64
56 65
56 66
56 104
56 105
56 106
56 107
56 108
56 109
57 58
57 65
57 66
57 99
58 65
58 66
58 99
59 60
59 80
59 81
59 93
59 94
59 100
59 101
59 102
59 103
60 80
60 81
60 93
60 94
60 100
60 101
60 102
60 103
61 62
61 63
61 64
61 65
61 66
61 70
61 71
61 104
61 105
61 106
61 107
61 108
61 109
62 63
62 64
62 65
62 66
62 70
62 71
62 104
62 105
62 106
62 107
62 108
62 109
63 64
63 65
63 66
63 70
63 71
63 104
63 105
63 106
63 107
63 108
63 109
64 65
64 66
64 70
64 71
64 104
64 105
64 106
64 107
64 108
64 109
65 66
65 104
65 105
65 106
65 107
65 108
65 109
66 104
66 105
66 106
66 107
66 108
66 109
67 68
67 69
67 72
67 73
67 89
67 90
67 110
67 111
67 112
68 69
68 72
68 73
68 89
68 90
68 110
68 111
68 112
69 95
69 96
69 110
69 111
69 112
70 71
70 72
70 73
70 74
70 75
70 76
70 113
70 114
70 115
70 118
70 119
71 72
71 73
71 74
71 75
71 76
71 113
71 114
71 115
71 118
71 119
72 73
72 74
72 75
72 76
72 89
72 90
72 113
72 114
72 115
72 118
72 119
73 74
73 75
73 76
73 89
73 90
73 113
73 114
73 115
73 118
73 119
74 75
74 76
74 82
74 113
74 114
74 115
74 118
74 119
75 76
75 97
75 98
75 113
75 114
75 115
75 118
75 119
76 97
76 98
76 113
76 114
76 115
76 118
76 119
77 78
77 79
77 80
77 81
77 82
77 86
77 116
77 117
77 120
77 122
77 123
77 125
78 79
78 80
78 81
78 82
78 86
78 116
78 117
78 120
78 122
78 123
78 125
79 83
79 84
79 85
79 87
79 88
79 91
79 92
79 121
79 124
80 81
80 82
80 86
80 93
80 94
80 116
80 117
80 120
80 122
80 123
80 125
81 82
81 86
81 93
81 94
81 116
81 117
81 120
81 122
81 123
81 125
82 86
82 116
82 117
82 120
82 122
82 123
82 125
83 84
83 85
83 87
83 88
83 91
83 92
83 121
83 124
84 85
84 87
84 88
84 91
84 92
84 121
84 124
85 87
85 88
85 91
85 92
85 121
85 124
86 116
86 117
86 120
86 122
86 123
86 125
87 88
87 91
87 92
87 121
87 124
88 91
88 92
88 121
88 124
89 90
89 93
89 94
89 95
89 96
89 97
89 98
90 93
90 94
90 95
90 96
90 97
90 98
91 92
91 121
91 124
92 121
92 124
93 94
93 95
93 96
93 97
93 98
94 95
94 96
94 97
94 98
95 96
95 97
95 98
96 97
96 98
97 98
100 101
100 102
100 103
101 102
101 103
102 103
104 105
104 106
104 107
104 108
104 109
104 113
105 106
105 107
105 108
105 109
105 113
106 107
106 108
106 109
106 113
107 108
107 109
107 113
108 109
110 111
110 112
110 116
110 117
111 112
111 120
112 120
113 114
113 115
113 118
113 119
114 115
114 118
114 119
114 122
114 123
115 118
115 119
115 122
115 123
116 117
116 120
116 122
116 123
116 125
117 120
117 122
117 123
117 125
118 119
118 125
119 125
120 122
120 123
120 125
121 124
122 123
122 125
123 125
