0
0
1
1
1
2
2
12
3
3
3
3
3
3
4
4
4
5
5
13
13
13
13
13
6
6
7
7
7
8
8
8
8
8
9
9
9
10
10
10
11
14
15
16
17
17
17
17
19
19
19
19
14
14
18
2
11
17
18
18
9
12
19
8
15
2
17
10
19
10
16
3
8
13
9
0
4
2
9
8
5
15
18
15
7
1
6
8
18
5
16
12
17
9
0
4
12
2
16
11
12
11
6
13
19
2
18
2
14
4
0
18
6
19
9
6
18
14
11
1
0
7
18
10
2
-1
-1
-1
-1
-1
-1
-1
-1
-1
-1
-1
-1
-1
-1
-1
-1
-1
-1
-1
-1
-1
-1
-1
-1
-1
-1
-1
-1
-1
-1
-1
-1
-1
-1
-1
-1
-1
-1
-1
-1
19
12
0
16
0
63
0	0
0	0
0	1
0	1
0	1
0	2
0	2
3	0
0	3
0	3
0	3
0	3
0	3
0	3
1	0
1	0
1	0
1	1
1	1
3	1
3	1
3	1
3	1
3	1
1	2
1	2
1	3
1	3
1	3
2	0
2	0
2	0
2	0
2	0
2	1
2	1
2	1
2	2
2	2
2	2
2	3
3	2
3	3
4	0
4	1
4	1
4	1
4	1
4	3
4	3
4	3
4	3
3	2
3	2
4	2
0	2
2	3
4	1
4	2
4	2
2	1
3	0
4	3
2	0
3	3
0	2
4	1
2	2
4	3
2	2
4	0
0	3
2	0
3	1
2	1
0	0
1	0
0	2
2	1
2	0
1	1
3	3
4	2
3	3
1	3
0	1
1	2
2	0
4	2
1	1
4	0
3	0
4	1
2	1
0	0
1	0
3	0
0	2
4	0
2	3
3	0
2	3
1	2
3	1
4	3
0	2
4	2
0	2
3	2
1	0
0	0
4	2
1	2
4	3
2	1
1	2
4	2
3	2
2	3
0	1
0	0
1	3
4	2
2	2
0	2
